%DFT Dragoni
X1 = [11.937195803823421, 11.864683955482189, 11.793753661004313, 11.723015070025028, 11.652468182544332, 11.582112998562224, 11.513371319026572, 11.444837318281058, 11.376510996325683, 11.308392353160444, 11.240497364076894, 11.174263805314446, 11.106832099685818, 11.041061824378295];
Y1 = [-3460918.951310862, -3460922.284644195, -3460925.243445693, -3460927.752808989, -3460929.812734083, -3460931.423220974, -3460932.5842696633, -3460933.2584269666, -3460933.4456928843, -3460933.146067416, -3460932.3220973783, -3460930.9363295883, -3460929.0262172287, -3460926.554307116]/1000;

%sch_power_50_66
X2 = [10.823824305325086, 10.840399837371784, 10.85699228322522, 10.873601651510494, 10.890227950852696, 10.906871189876927, 10.923531377208265, 10.94020852147182, 10.956902631292666, 10.973613715295908, 10.990341782106633, 11.007086840349944, 11.023848898650918, 11.040627965634657, 11.057424049926258, 11.0742371601508, 11.091067304933386, 11.107914492899111, 11.124778732673052, 11.141660032880324, 11.158558402146006, 11.175473849095185, 11.192406382352969, 11.209356010544441, 11.226322742294695, 11.243306586228826, 11.260307550971923, 11.277325645149093, 11.294360877385401, 11.31141325630596, 11.328482790535865, 11.345569488700196, 11.362673359424054, 11.379794411332524, 11.396932653050712, 11.414088093203697, 11.431260740416576, 11.448450603314443, 11.465657690522393, 11.482882010665513, 11.5001235723689, 11.500123572368961, 11.517382384257651, 11.53465845495685, 11.55195179309159, 11.569262407286967, 11.586590306168073, 11.603935498360004, 11.62129799248785, 11.638677797176705, 11.656074921051651, 11.673489372737798, 11.690921160860228, 11.708370294044029, 11.725836780914316, 11.743320630096155, 11.760821850214649, 11.778340449894898, 11.795876437761985, 11.813429822441007, 11.831000612557062, 11.848588816735226, 11.866194443600609, 11.883817501778285, 11.901457999893372, 11.919115946570948, 11.936791350436097, 11.954484220113933, 11.972194564229534, 11.989922391407989, 12.0076677102744, 12.025430529453864, 12.043210857571465, 12.061008703252295, 12.078824075121448, 12.096656981804022, 12.114507431925109, 12.132375434109786, 12.15026099698317, 12.168164129170336, 12.186084839296385, 12.204023135986404];
Y2 = [-3460.9145645522703, -3460.9156810638965, -3460.916761556175, -3460.9178077772763, -3460.9188212063764, -3460.919802980592, -3460.9207538390838, -3460.9216740906604, -3460.922563609755, -3460.923421863467, -3460.924247969436, -3460.9250407816508, -3460.9257989981534, -3460.926521281836, -3460.9272063838353, -3460.92785325757, -3460.9284611523644, -3460.9290296770146, -3460.9295588271634, -3460.930048974697, -3460.9305008219385, -3460.9309153277813, -3460.931293616156, -3460.9316368783666, -3460.9319462808116, -3460.932222887058, -3460.932467600445, -3460.9326811296332, -3460.93286397636, -3460.933016442112, -3460.9331386491635, -3460.9332305707503, -3460.93329206597, -3460.9333229158938, -3460.9333228587666, -3460.933291623366, -3460.9332289603167, -3460.9331346714093, -3460.933008635998, -3460.9328508330314, -3460.9326613562325, -3460.9326613562325, -3460.9324404197096, -3460.932188352016, -3460.9319055779856, -3460.9315925895926, -3460.9312499089765, -3460.930878048181, -3460.930477470705, -3460.9300485595586, -3460.9295915956322, -3460.9291067484082, -3460.9285940793625, -3460.9280535567746, -3460.9274850793563, -3460.9268885051997, -3460.926263682571, -3460.9256104789015, -3460.924928805415, -3460.9242186354504, -3460.9234800156187, -3460.9227130700897, -3460.9219179987363, -3460.921095070694, -3460.92024461494, -3460.919367009502, -3460.918462670738, -3460.9175320435925, -3460.916575593409, -3460.915593799603, -3460.91458715097, -3460.9135561425055, -3460.9125011527767, -3460.911422476209, -3460.9103206251825, -3460.9091961272907, -3460.9080495220333, -3460.906881363425, -3460.905692225341, -3460.904482710592, -3460.9032534643698, -3460.9020051921034];

%DimeNet_12apr
X3 = [10.823824305325086, 10.840399837371784, 10.85699228322522, 10.873601651510494, 10.890227950852696, 10.906871189876927, 10.923531377208265, 10.94020852147182, 10.956902631292666, 10.973613715295908, 10.990341782106633, 11.007086840349944, 11.023848898650918, 11.040627965634657, 11.057424049926258, 11.0742371601508, 11.091067304933386, 11.107914492899111, 11.124778732673052, 11.141660032880324, 11.158558402146006, 11.175473849095185, 11.192406382352969, 11.209356010544441, 11.226322742294695, 11.243306586228826, 11.260307550971923, 11.277325645149093, 11.294360877385401, 11.31141325630596, 11.328482790535865, 11.345569488700196, 11.362673359424054, 11.379794411332524, 11.396932653050712, 11.414088093203697, 11.431260740416576, 11.448450603314443, 11.465657690522393, 11.482882010665513, 11.5001235723689, 11.500123572368961, 11.517382384257651, 11.53465845495685, 11.55195179309159, 11.569262407286967, 11.586590306168073, 11.603935498360004, 11.62129799248785, 11.638677797176705, 11.656074921051651, 11.673489372737798, 11.690921160860228, 11.708370294044029, 11.725836780914316, 11.743320630096155, 11.760821850214649, 11.778340449894898, 11.795876437761985, 11.813429822441007, 11.831000612557062, 11.848588816735226, 11.866194443600609, 11.883817501778285, 11.901457999893372, 11.919115946570948, 11.936791350436097, 11.954484220113933, 11.972194564229534, 11.989922391407989, 12.0076677102744, 12.025430529453864, 12.043210857571465, 12.061008703252295, 12.078824075121448, 12.096656981804022, 12.114507431925109, 12.132375434109786, 12.15026099698317, 12.168164129170336, 12.186084839296385, 12.204023135986404];
Y3 = [-3460.9149203615357, -3460.9160651916654, -3460.917170583268, -3460.9182369028836, -3460.919264497594, -3460.9202536982266, -3460.921204822199, -3460.9221181761454, -3460.922994058036, -3460.92383275896, -3460.924634564347, -3460.925399754894, -3460.9261286069805, -3460.926821392787, -3460.927478380144, -3460.9280998320705, -3460.9286860062757, -3460.9292371544298, -3460.9297535215724, -3460.930235345385, -3460.9306828557355, -3460.931096274201, -3460.9314758139153, -3460.931821679548, -3460.9321340675224, -3460.9324131665344, -3460.9326591582694, -3460.9328722183513, -3460.933052517589, -3460.9332002232813, -3460.9333155007903, -3460.9333985151684, -3460.9334494328623, -3460.9334684233463, -3460.9334556608437, -3460.933411325774, -3460.933335606184, -3460.933228698858, -3460.9330908102856, -3460.932922157285, -3460.9327229674095, -3460.9327229674095, -3460.9324934790297, -3460.9322339411806, -3460.931944613102, -3460.931625763623, -3460.9312776703227, -3460.930900618553, -3460.9304949003754, -3460.930060813381, -3460.9295986596358, -3460.9291087444967, -3460.9285913755857, -3460.9280468618076, -3460.927475512523, -3460.926877636811, -3460.926253542856, -3460.9256035375006, -3460.9249279259448, -3460.924227011509, -3460.92350109562, -3460.9227504777973, -3460.921975455828, -3460.921176325964, -3460.9203533832324, -3460.9195069218013, -3460.918637235355, -3460.91774461755, -3460.9168293625016, -3460.915891765239, -3460.9149321222503, -3460.913950731968, -3460.912947895277, -3460.9119239160796, -3460.910879101757, -3460.9098137637093, -3460.908728217832, -3460.9076227850665, -3460.9064977917974, -3460.9053535704224, -3460.9041904597325, -3460.9030088054105];

% LAMMPS results
% DimeNet
X4 = [10.9173049375 10.976 11.0349050625 11.0940205 11.1533466875 11.212884 11.2726328125 11.3325935 11.3927664375 11.453152 11.5137505625 11.5745625 11.6355881875 11.696828 11.7582823125 11.8199515 11.8818359375 11.943936 12.0062520625 12.0687845];
Y4 = [-3463.19642818874 -3463.22014109159 -3463.23231369218 -3463.23598606699 -3463.23886534843 -3463.2515914097 -3463.26126497619 -3463.27470983712 -3463.28352399947 -3463.28941647408 -3463.28872305942 -3463.28955265261 -3463.291046104 -3463.2909490254 -3463.29015994206 -3463.28687580723 -3463.28131862372 -3463.27423313091 -3463.26629201013 -3463.25522108775];

% SCHNET
